[Command: python -u C:\Users\lxyxi\OneDrive\ME441_project\ME441_Engineering_Optimization_2017Fall\Homework4\GoldenSection.py]
cG= 0.61803398875
Step#:  0 a             b             c             d             fa             fb             fc             fd
Step#:  1 0.816311896062 1.71352549156 1.15901699437 1.37082039325 10.3383178603 8.28267744039 8.22290286525 7.73763198885
Step#:  2 1.15901699437 1.71352549156 1.37082039325 1.50172209269 8.22290286525 8.28267744039 7.73763198885 7.75174285191
Step#:  3 1.15901699437 1.50172209269 1.28991869381 1.37082039325 8.22290286525 7.75174285191 7.84885778028 7.73763198885
Step#:  4 1.28991869381 1.50172209269 1.37082039325 1.42082039325 7.84885778028 7.75174285191 7.73763198885 7.71470626413
Step#:  5 1.37082039325 1.50172209269 1.42082039325 1.45172209269 7.73763198885 7.75174285191 7.71470626413 7.71803738703
Step#:  6 1.37082039325 1.45172209269 1.40172209269 1.42082039325 7.73763198885 7.71803738703 7.71933192215 7.71470626413
Step#:  7 1.40172209269 1.45172209269 1.42082039325 1.43262379212 7.71933192215 7.71803738703 7.71470626413 7.71440066584
Step#:  8 1.42082039325 1.45172209269 1.43262379212 1.43991869381 7.71470626413 7.71803738703 7.71440066584 7.71518703728
Step#:  9 1.42082039325 1.43991869381 1.42811529494 1.43262379212 7.71470626413 7.71518703728 7.71428717069 7.71440066584
Step#:  10 1.42082039325 1.43262379212 1.42532889044 1.42811529494 7.71470626413 7.71440066584 7.71435931266 7.71428717069
Step#:  11 1.42532889044 1.43262379212 1.42811529494 1.42983738762 7.71435931266 7.71440066584 7.71428717069 7.71429693285
Step#:  12 1.42532889044 1.42983738762 1.42705098312 1.42811529494 7.71435931266 7.71429693285 7.71430189657 7.71428717069
Step#:  13 1.42705098312 1.42983738762 1.42811529494 1.42877307581 7.71430189657 7.71429693285 7.71428717069 7.71428599892
Step#:  14 1.42811529494 1.42983738762 1.42877307581 1.42917960675 7.71428717069 7.71429693285 7.71428599892 7.71428830345
Step#:  15 1.42811529494 1.42917960675 1.42852182588 1.42877307581 7.71428717069 7.71428830345 7.71428573151 7.71428599892
Step#:  16 1.42811529494 1.42877307581 1.42836654487 1.42852182588 7.71428717069 7.71428599892 7.71428600813 7.71428573151
Optimal Solution:  [ 7.71428583  1.42844419]
[Finished in 1.585s]
